0	0.106666667
10	0.32
20	0.32
30	0.32
40	0.32
50	0.32
60	0.32
70	0.32
80	0.32
90	0.32
100	0.32
110	0.32
120	0.32
130	0.32
140	0.32
150	0.32
160	0.32
170	0.32
180	0.32
190	0.32
200	0.32
210	0.304761905
220	0.290909091
230	0.27826087
240	0.266666667
250	0.256
260	0.246153846
270	0.237037037
280	0.228571429
290	0.220689655
300	0.213333333
310	0.206451613
320	0.2
330	0.193939394
340	0.188235294
350	0.182857143
360	0.177777778
370	0.172972973
380	0.168421053
390	0.164102564
400	0.16
410	0.156097561
420	0.152380952
430	0.148837209
440	0.145454545
450	0.142222222
460	0.139130435
470	0.136170213
480	0.133333333
490	0.130612245
500	0.128
510	0.125490196
520	0.123076923
530	0.120754717
540	0.118518519
550	0.116363636
560	0.114285714
570	0.112280702
580	0.110344828
590	0.108474576
600	0.106666667
610	0.104918033
620	0.103225806
630	0.101587302
640	0.1
650	0.098461538
660	0.096969697
670	0.095522388
680	0.094117647
690	0.092753623
700	0.091428571
710	0.090140845
720	0.088888889
730	0.087671233
740	0.086486486
750	0.085333333
760	0.084210526
770	0.083116883
780	0.082051282
790	0.081012658
800	0.08
810	0.079012346
820	0.07804878
830	0.077108434
840	0.076190476
850	0.075294118
860	0.074418605
870	0.073563218
880	0.072727273
890	0.071910112
900	0.071111111
910	0.07032967
920	0.069565217
930	0.068817204
940	0.068085106
950	0.067368421
960	0.066666667
970	0.065979381
980	0.065306122
990	0.064646465
1000	0.064
1010	0.063366337
1020	0.062745098
1030	0.062135922
1040	0.061538462
1050	0.060952381
1060	0.060377358
1070	0.059813084
1080	0.059259259
1090	0.058715596
1100	0.058181818
1110	0.057657658
1120	0.057142857
1130	0.056637168
1140	0.056140351
1150	0.055652174
1160	0.055172414
1170	0.054700855
1180	0.054237288
1190	0.053781513
1200	0.053333333
1210	0.052892562
1220	0.052459016
1230	0.05203252
1240	0.051612903
1250	0.0512
1260	0.050793651
1270	0.050393701
1280	0.05
1290	0.049612403
1300	0.049230769
1310	0.048854962
1320	0.048484848
1330	0.048120301
1340	0.047761194
1350	0.047407407
1360	0.047058824
1370	0.046715328
1380	0.046376812
1390	0.046043165
1400	0.045714286
1410	0.045390071
1420	0.045070423
1430	0.044755245
1440	0.044444444
1450	0.044137931
1460	0.043835616
1470	0.043537415
1480	0.043243243
1490	0.04295302
1500	0.042666667
1510	0.042384106
1520	0.042105263
1530	0.041830065
1540	0.041558442
1550	0.041290323
1560	0.041025641
1570	0.040764331
1580	0.040506329
1590	0.040251572
1600	0.04
1610	0.039751553
1620	0.039506173
1630	0.039263804
1640	0.03902439
1650	0.038787879
1660	0.038554217
1670	0.038323353
1680	0.038095238
1690	0.037869822
1700	0.037647059
1710	0.037426901
1720	0.037209302
1730	0.03699422
1740	0.036781609
1750	0.036571429
1760	0.036363636
1770	0.036158192
1780	0.035955056
1790	0.03575419
1800	0.035555556
1810	0.035359116
1820	0.035164835
1830	0.034972678
1840	0.034782609
1850	0.034594595
1860	0.034408602
1870	0.034224599
1880	0.034042553
1890	0.033862434
1900	0.033684211
1910	0.033507853
1920	0.033333333
1930	0.033160622
1940	0.032989691
1950	0.032820513
1960	0.032653061
1970	0.03248731
1980	0.032323232
1990	0.032160804
2000	0.032
2500	0.048174992
2600	0.047566101
2700	0.046992066
2800	0.046449663
2900	0.045936071
3000	0.045448809
3100	0.044985688
3200	0.044544763
3300	0.044124304
3400	0.043722766
3500	0.043338759
3600	0.042971037
3700	0.042618471
3800	0.042280041
3900	0.04195482
4000	0.041641965
4100	0.041340707
4200	0.041050342
4300	0.040770223
4400	0.040499759
4500	0.040238404
4600	0.039985654
4700	0.039741044
4800	0.039504144
4900	0.039274554
5000	0.039051905
5100	0.038835851
5200	0.038626071
5300	0.038422265
5400	0.038224154
5500	0.038031476
5600	0.037843986
5700	0.037661454
5800	0.037483663
5900	0.037310412
6000	0.03714151
6100	0.036976776
6200	0.036816042
6300	0.036659147
6400	0.036505941
6500	0.03635628
6600	0.03621003
6700	0.036067062
6800	0.035927255
6900	0.035790494
7000	0.03565667
7100	0.035525678
7200	0.03539742
7300	0.035271803
7400	0.035148735
7500	0.035028133
7600	0.034909915
7700	0.034794002
7800	0.034680322
7900	0.034568803
8000	0.034459378
8100	0.034351981
8200	0.034246551
8300	0.034143028
8400	0.034041357
8500	0.033941481
8600	0.03384335
8700	0.033746912
8800	0.03365212
8900	0.033558927
9000	0.03346729
9100	0.033377164
9200	0.03328851
9300	0.033201287
9400	0.033115459
9500	0.033030987
9600	0.032947836
9700	0.032865974
9800	0.032785366
9900	0.032705982
10000	0.03262779
10100	0.032550762
10200	0.032474868
10300	0.032400081
10400	0.032326375
10500	0.032253725
10600	0.032182104
10700	0.03211149
10800	0.032041859
10900	0.031973188
11000	0.031905456
11100	0.031838641
11200	0.031772724
11300	0.031707684
11400	0.031643503
11500	0.031580161
11600	0.031517641
11700	0.031455924
11800	0.031394996
11900	0.031334837
12000	0.031275434
12100	0.031216769
12200	0.031158829
12300	0.031101598
12400	0.031045062
12500	0.030989208
12600	0.030934021
12700	0.03087949
12800	0.0308256
12900	0.03077234
13000	0.030719697
13100	0.03066766
13200	0.030616218
13300	0.030565359
13400	0.030515073
13500	0.030465348
13600	0.030416175
13700	0.030367544
13800	0.030319445
13900	0.030271868
14000	0.030224804
14100	0.030178244
14200	0.030132179
14300	0.0300866
14400	0.0300415
14500	0.02999687
14600	0.029952702
14700	0.029908988
14800	0.02986572
14900	0.029822892
15000	0.029780495
15100	0.029738523
15200	0.029696968
15300	0.029655824
15400	0.029615085
15500	0.029574744
15600	0.029534794
15700	0.029495229
15800	0.029456043
15900	0.029417231
16000	0.029378786
16100	0.029340703
16200	0.029302976
16300	0.0292656
16400	0.029228569
16500	0.029191878
16600	0.029155523
16700	0.029119498
16800	0.029083798
16900	0.029048419
17000	0.029013355
17100	0.028978603
17200	0.028944157
17300	0.028910014
17400	0.028876168
17500	0.028842617
17600	0.028809355
17700	0.028776378
17800	0.028743683
17900	0.028711266
18000	0.028679122
18100	0.028647249
18200	0.028615642
18300	0.028584297
18400	0.028553212
18500	0.028522382
18600	0.028491805
18700	0.028461476
18800	0.028431393
18900	0.028401553
19000	0.028371952
19100	0.028342586
19200	0.028313454
19300	0.028284552
19400	0.028255877
19500	0.028227426
19600	0.028199196
19700	0.028171185
19800	0.02814339
19900	0.028115808
20000	0.028088436
20100	0.028061272
20200	0.028034313
20300	0.028007558
20400	0.027981002
20500	0.027954644
20600	0.027928482
20700	0.027902513
20800	0.027876734
20900	0.027851144
21000	0.027825741
21100	0.027800521
21200	0.027775484
21300	0.027750626
21400	0.027725946
21500	0.027701441
21600	0.027677111
21700	0.027652952
21800	0.027628962
21900	0.02760514
22000	0.027581484
22100	0.027557993
22200	0.027534663
22300	0.027511493
22400	0.027488482
22500	0.027465628
22600	0.027442929
22700	0.027420384
22800	0.02739799
22900	0.027375746
23000	0.02735365
23100	0.027331701
23200	0.027309898
23300	0.027288238
23400	0.02726672
23500	0.027245343
23600	0.027224106
23700	0.027203005
23800	0.027182041
23900	0.027161212
24000	0.027140517
24100	0.027119953
24200	0.02709952
24300	0.027079216
24400	0.027059041
24500	0.027038992
24600	0.027019069
24700	0.026999269
24800	0.026979593
24900	0.026960038
25000	0.026940604
25100	0.026921289
25200	0.026902093
25300	0.026883013
25400	0.026864049
25500	0.026845199
25600	0.026826463
25700	0.02680784
25800	0.026789328
25900	0.026770926
26000	0.026752634
26100	0.026734449
26200	0.026716372
26300	0.026698401
26400	0.026680535
26500	0.026662773
26600	0.026645114
26700	0.026627558
26800	0.026610102
26900	0.026592747
27000	0.026575492
27100	0.026558334
27200	0.026541275
27300	0.026524312
27400	0.026507445
27500	0.026490672
27600	0.026473994
27700	0.026457409
27800	0.026440916
27900	0.026424515
28000	0.026408205
28100	0.026391984
28200	0.026375853
28300	0.02635981
28400	0.026343854
28500	0.026327986
28600	0.026312203
28700	0.026296505
28800	0.026280892
28900	0.026265363
29000	0.026249917
29100	0.026234554
29200	0.026219272
29300	0.026204071
29400	0.02618895
29500	0.026173909
29600	0.026158947
29700	0.026144063
29800	0.026129256
29900	0.026114527
30000	0.026099874
30100	0.026085297
30200	0.026070794
30300	0.026056366
30400	0.026042012
30500	0.026027731
30600	0.026013523
30700	0.025999387
30800	0.025985322
30900	0.025971328
31000	0.025957404
31100	0.02594355
31200	0.025929766
31300	0.025916049
31400	0.025902401
31500	0.025888821
31600	0.025875307
31700	0.02586186
31800	0.025848479
31900	0.025835163
32000	0.025821912
32100	0.025808726
32200	0.025795603
32300	0.025782544
32400	0.025769547
32500	0.025756613
32600	0.025743742
32700	0.025730931
32800	0.025718182
32900	0.025705493
33000	0.025692864
33100	0.025680295
33200	0.025667784
33300	0.025655333
33400	0.02564294
33500	0.025630605
33600	0.025618327
33700	0.025606106
33800	0.025593942
33900	0.025581834
34000	0.025569781
34100	0.025557784
34200	0.025545842
34300	0.025533955
34400	0.025522121
34500	0.025510341
34600	0.025498615
34700	0.025486941
34800	0.02547532
34900	0.025463752
35000	0.025452235
35100	0.025440769
35200	0.025429355
35300	0.025417991
35400	0.025406678
35500	0.025395414
35600	0.025384201
35700	0.025373036
35800	0.025361921
35900	0.025350854
36000	0.025339835
36100	0.025328865
36200	0.025317942
36300	0.025307066
36400	0.025296237
36500	0.025285455
36600	0.025274719
36700	0.025264029
36800	0.025253385
36900	0.025242786
37000	0.025232232
37100	0.025221723
37200	0.025211258
37300	0.025200838
37400	0.025190461
37500	0.025180128
37600	0.025169838
37700	0.025159591
37800	0.025149387
37900	0.025139225
38000	0.025129105
38100	0.025119028
38200	0.025108991
38300	0.025098996
38400	0.025089042
38500	0.025079129
38600	0.025069256
38700	0.025059424
38800	0.025049631
38900	0.025039879
39000	0.025030165
39100	0.025020491
39200	0.025010856
39300	0.025001259
39400	0.024991701
39500	0.024982182
39600	0.0249727
39700	0.024963255
39800	0.024953849
39900	0.024944479
40000	0.024935147
40100	0.024925851
40200	0.024916592
40300	0.024907369
40400	0.024898183
40500	0.024889032
40600	0.024879917
40700	0.024870837
40800	0.024861792
40900	0.024852783
41000	0.024843808
41100	0.024834868
41200	0.024825962
41300	0.02481709
41400	0.024808252
41500	0.024799448
41600	0.024790677
41700	0.02478194
41800	0.024773236
41900	0.024764565
42000	0.024755926
42100	0.02474732
42200	0.024738747
42300	0.024730205
42400	0.024721695
42500	0.024713218
42600	0.024704771
42700	0.024696356
42800	0.024687973
42900	0.02467962
43000	0.024671298
43100	0.024663007
43200	0.024654746
43300	0.024646516
43400	0.024638316
43500	0.024630145
43600	0.024622005
43700	0.024613894
43800	0.024605812
43900	0.02459776
44000	0.024589736
44100	0.024581742
44200	0.024573777
44300	0.02456584
44400	0.024557931
44500	0.024550051
44600	0.024542199
44700	0.024534374
44800	0.024526578
44900	0.024518809
45000	0.024511068
45100	0.024503354
45200	0.024495667
45300	0.024488007
45400	0.024480374
45500	0.024472768
45600	0.024465188
45700	0.024457635
45800	0.024450108
45900	0.024442607
46000	0.024435132
46100	0.024427684
46200	0.02442026
46300	0.024412863
46400	0.02440549
46500	0.024398143
46600	0.024390821
46700	0.024383525
46800	0.024376253
46900	0.024369005
47000	0.024361783
47100	0.024354585
47200	0.024347411
47300	0.024340261
47400	0.024333136
47500	0.024326034
47600	0.024318957
47700	0.024311903
47800	0.024304872
47900	0.024297866
48000	0.024290882
48100	0.024283922
48200	0.024276984
48300	0.02427007
48400	0.024263178
48500	0.02425631
48600	0.024249463
48700	0.02424264
48800	0.024235838
48900	0.024229059
49000	0.024222303
49100	0.024215568
49200	0.024208855
49300	0.024202164
49400	0.024195494
49500	0.024188846
49600	0.02418222
49700	0.024175615
49800	0.024169031
49900	0.024162468
50000	0.024155927
50100	0.024149406
50200	0.024142906
50300	0.024136427
50400	0.024129968
50500	0.02412353
50600	0.024117112
50700	0.024110715
50800	0.024104338
50900	0.024097981
51000	0.024091644
51100	0.024085327
51200	0.024079029
51300	0.024072752
51400	0.024066494
51500	0.024060255
51600	0.024054036
51700	0.024047836
51800	0.024041656
51900	0.024035494
52000	0.024029352
52100	0.024023228
52200	0.024017124
52300	0.024011038
52400	0.024004971
52500	0.023998922
52600	0.023992892
52700	0.02398688
52800	0.023980887
52900	0.023974912
53000	0.023968955
53100	0.023963016
53200	0.023957095
53300	0.023951192
53400	0.023945306
53500	0.023939439
53600	0.023933588
53700	0.023927756
53800	0.023921941
53900	0.023916143
54000	0.023910363
54100	0.0239046
54200	0.023898854
54300	0.023893125
54400	0.023887413
54500	0.023881718
54600	0.023876039
54700	0.023870378
54800	0.023864733
54900	0.023859105
55000	0.023853493
55100	0.023847897
55200	0.023842318
55300	0.023836756
55400	0.023831209
55500	0.023825679
55600	0.023820164
55700	0.023814666
55800	0.023809183
55900	0.023803717
56000	0.023798266
56100	0.02379283
56200	0.023787411
56300	0.023782007
56400	0.023776618
56500	0.023771245
56600	0.023765887
56700	0.023760545
56800	0.023755217
56900	0.023749905
57000	0.023744608
57100	0.023739326
57200	0.023734058
57300	0.023728806
57400	0.023723568
57500	0.023718346
57600	0.023713137
57700	0.023707944
57800	0.023702765
57900	0.0236976
58000	0.02369245
58100	0.023687314
58200	0.023682193
58300	0.023677085
58400	0.023671992
58500	0.023666913
58600	0.023661848
58700	0.023656797
58800	0.02365176
58900	0.023646737
59000	0.023641727
59100	0.023636732
59200	0.02363175
59300	0.023626781
59400	0.023621826
59500	0.023616885
59600	0.023611957
59700	0.023607042
59800	0.023602141
59900	0.023597253
60000	0.023592378
65000	0.023364331
70000	0.023163207
75000	0.022984331
80000	0.022824073
85000	0.022679569
90000	0.022548527
95000	0.022429088
100000	0.022319724
105000	0.022219174
110000	0.022126378
115000	0.022040448
120000	0.021960624
125000	0.021886259
130000	0.021816796
135000	0.021751752
140000	0.021690705
145000	0.021633289
150000	0.021579179
155000	0.021528092
160000	0.021479772
165000	0.021433997
170000	0.021390564
175000	0.021349293
180000	0.021310024
185000	0.02127261
190000	0.021236919
195000	0.021202832
200000	0.021170241
205000	0.021139047
210000	0.02110916
215000	0.021080497
220000	0.021052984
225000	0.02102655
230000	0.021001131
235000	0.02097667
240000	0.020953111
245000	0.020930404
250000	0.020908504
255000	0.020887366
260000	0.020866951
265000	0.020847222
270000	0.020828143
275000	0.020809683
280000	0.020791811
285000	0.020774498
290000	0.020757719
295000	0.020741448
300000	0.020725663
305000	0.020710341
310000	0.020695461
315000	0.020681006
320000	0.020666955
325000	0.020653293
330000	0.020640003
335000	0.020627069
340000	0.020614477
345000	0.020602214
350000	0.020590266
355000	0.020578621
360000	0.020567268
365000	0.020556196
370000	0.020545393
375000	0.020534851
380000	0.020524559
385000	0.020514509
390000	0.020504692
395000	0.0204951
400000	0.020485724
405000	0.020476559
410000	0.020467596
415000	0.020458828
420000	0.02045025
425000	0.020441855
430000	0.020433637
435000	0.02042559
440000	0.02041771
445000	0.02040999
450000	0.020402426
455000	0.020395014
460000	0.020387748
465000	0.020380624
470000	0.020373638
475000	0.020366786
480000	0.020360064
485000	0.020353469
490000	0.020346996
495000	0.020340642
500000	0.020334404
505000	0.020328279
510000	0.020322263
515000	0.020316354
520000	0.020310549
525000	0.020304845
530000	0.020299239
535000	0.020293728
540000	0.020288312
545000	0.020282986
550000	0.020277748
555000	0.020272597
560000	0.02026753
565000	0.020262545
570000	0.020257641
575000	0.020252814
580000	0.020248063
585000	0.020243388
590000	0.020238784
595000	0.020234252
600000	0.020229789
605000	0.020225393
610000	0.020221064
615000	0.020216799
620000	0.020212597
625000	0.020208457
630000	0.020204378
635000	0.020200357
640000	0.020196394
645000	0.020192488
650000	0.020188636
655000	0.020184839
660000	0.020181095
665000	0.020177402
670000	0.020173761
675000	0.020170168
680000	0.020166625
685000	0.020163129
690000	0.02015968
695000	0.020156276
700000	0.020152917
705000	0.020149602
710000	0.02014633
715000	0.0201431
720000	0.020139912
725000	0.020136764
730000	0.020133655
735000	0.020130586
740000	0.020127555
745000	0.020124562
750000	0.020121605
755000	0.020118684
760000	0.020115799
765000	0.020112949
770000	0.020110133
775000	0.02010735
780000	0.0201046
785000	0.020101883
790000	0.020099198
795000	0.020096543
800000	0.020093919
805000	0.020091326
810000	0.020088762
815000	0.020086227
820000	0.020083721
825000	0.020081242
830000	0.020078792
835000	0.020076368
840000	0.020073971
845000	0.0200716
850000	0.020069256
855000	0.020066936
860000	0.020064642
865000	0.020062372
870000	0.020060126
875000	0.020057904
880000	0.020055705
885000	0.020053529
890000	0.020051376
895000	0.020049246
900000	0.020047137
905000	0.020045049
910000	0.020042983
915000	0.020040938
920000	0.020038914
925000	0.020036909
930000	0.020034925
935000	0.020032961
940000	0.020031015
945000	0.020029089
950000	0.020027182
955000	0.020025293
960000	0.020023423
965000	0.02002157
970000	0.020019735
975000	0.020017918
980000	0.020016117
985000	0.020014334
990000	0.020012568
995000	0.020010817
1000000	0.020009084
1005000	0.020007366
1010000	0.020005664
1015000	0.020003977
1020000	0.020002306
1025000	0.02000065
1030000	0.019999009
1035000	0.019997383
1040000	0.019995771
1045000	0.019994174
1050000	0.01999259
1055000	0.019991021
1060000	0.019989465
1065000	0.019987923
1070000	0.019986394
1075000	0.019984879
1080000	0.019983377
1085000	0.019981887
1090000	0.01998041
1095000	0.019978946
1100000	0.019977494
1105000	0.019976054
1110000	0.019974627
1115000	0.019973211
1120000	0.019971807
1125000	0.019970415
1130000	0.019969034
1135000	0.019967664
1140000	0.019966306
1145000	0.019964958
1150000	0.019963622
1155000	0.019962296
1160000	0.019960981
1165000	0.019959676
1170000	0.019958382
1175000	0.019957098
1180000	0.019955824
1185000	0.019954561
1190000	0.019953307
1195000	0.019952063
1200000	0.019950828
1205000	0.019949603
1210000	0.019948388
1215000	0.019947181
1220000	0.019945984
1225000	0.019944796
1230000	0.019943618
1235000	0.019942448
1240000	0.019941286
1245000	0.019940134
1250000	0.01993899
1255000	0.019937854
1260000	0.019936727
1265000	0.019935609
1270000	0.019934498
1275000	0.019933396
1280000	0.019932301
1285000	0.019931215
1290000	0.019930136
1295000	0.019929065
1300000	0.019928002
1305000	0.019926947
1310000	0.019925899
1315000	0.019924858
1320000	0.019923825
1325000	0.019922799
1330000	0.01992178
1335000	0.019920768
1340000	0.019919764
1345000	0.019918766
1350000	0.019917775
1355000	0.019916791
1360000	0.019915814
1365000	0.019914844
1370000	0.01991388
1375000	0.019912922
1380000	0.019911972
1385000	0.019911027
1390000	0.019910089
1395000	0.019909157
1400000	0.019908231
1405000	0.019907312
1410000	0.019906399
1415000	0.019905491
1420000	0.01990459
1425000	0.019903694
1430000	0.019902805
1435000	0.019901921
1440000	0.019901043
1445000	0.01990017
1450000	0.019899303
1455000	0.019898442
1460000	0.019897586
1465000	0.019896736
1470000	0.019895891
1475000	0.019895051
1480000	0.019894217
1485000	0.019893388
1490000	0.019892564
1495000	0.019891746
1500000	0.019890932
1505000	0.019890124
1510000	0.01988932
1515000	0.019888521
1520000	0.019887728
1525000	0.019886939
1530000	0.019886155
1535000	0.019885376
1540000	0.019884601
1545000	0.019883832
1550000	0.019883067
1555000	0.019882306
1560000	0.01988155
1565000	0.019880799
1570000	0.019880052
1575000	0.019879309
1580000	0.019878571
1585000	0.019877837
1590000	0.019877108
1595000	0.019876382
1600000	0.019875661
1605000	0.019874945
1610000	0.019874232
1615000	0.019873524
1620000	0.019872819
1625000	0.019872119
1630000	0.019871423
1635000	0.01987073
1640000	0.019870042
1645000	0.019869357
1650000	0.019868677
1655000	0.019868
1660000	0.019867327
1665000	0.019866658
1670000	0.019865993
1675000	0.019865331
1680000	0.019864673
1685000	0.019864019
1690000	0.019863368
1695000	0.019862721
1700000	0.019862077
1705000	0.019861437
1710000	0.019860801
1715000	0.019860168
1720000	0.019859538
1725000	0.019858912
1730000	0.019858289
1735000	0.01985767
1740000	0.019857054
1745000	0.019856441
1750000	0.019855831
1755000	0.019855225
1760000	0.019854622
1765000	0.019854022
1770000	0.019853425
1775000	0.019852832
1780000	0.019852242
1785000	0.019851654
1790000	0.01985107
1795000	0.019850489
1800000	0.019849911
1805000	0.019849336
1810000	0.019848763
1815000	0.019848194
1820000	0.019847628
1825000	0.019847064
1830000	0.019846504
1835000	0.019845946
1840000	0.019845391
1845000	0.019844839
1850000	0.01984429
1855000	0.019843744
1860000	0.0198432
1865000	0.019842659
1870000	0.019842121
1875000	0.019841586
1880000	0.019841053
1885000	0.019840522
1890000	0.019839995
1895000	0.01983947
1900000	0.019838948
1905000	0.019838428
1910000	0.01983791
1915000	0.019837396
1920000	0.019836884
1925000	0.019836374
1930000	0.019835867
1935000	0.019835362
1940000	0.019834859
1945000	0.019834359
1950000	0.019833862
1955000	0.019833367
1960000	0.019832874
1965000	0.019832384
1970000	0.019831896
1975000	0.01983141
1980000	0.019830926
1985000	0.019830445
1990000	0.019829966
1995000	0.01982949
2000000	0.019829015
2500000	0.019790644
3000000	0.019764425
3500000	0.019745321
4000000	0.019730753
4500000	0.019719259
5000000	0.019709947
5500000	0.019702243
6000000	0.019695758
6500000	0.01969022
7000000	0.019685434
7500000	0.019681253
8000000	0.019677568
8500000	0.019674295
9000000	0.019671367
9500000	0.019668732
10000000	0.019666347
10500000	0.019664178
11000000	0.019662196
11500000	0.019660377
12000000	0.019658703
12500000	0.019657155
13000000	0.019655721
13500000	0.019654388
14000000	0.019653145
14500000	0.019651983
15000000	0.019650895
15500000	0.019649873
16000000	0.019648913
16500000	0.019648007
17000000	0.019647152
17500000	0.019646344
18000000	0.019645578
18500000	0.019644851
19000000	0.019644161
19500000	0.019643504
20000000	0.019642879
20500000	0.019642282
21000000	0.019641713
21500000	0.019641168
22000000	0.019640647
22500000	0.019640148
23000000	0.01963967
23500000	0.019639211
24000000	0.01963877
24500000	0.019638347
25000000	0.019637939
25500000	0.019637546
26000000	0.019637168
26500000	0.019636804
27000000	0.019636452
27500000	0.019636112
28000000	0.019635784
28500000	0.019635467
29000000	0.01963516
29500000	0.019634864
30000000	0.019634576
30500000	0.019634297
31000000	0.019634027
31500000	0.019633766
32000000	0.019633512
32500000	0.019633265
33000000	0.019633025
33500000	0.019632792
34000000	0.019632566
34500000	0.019632346
35000000	0.019632132
35500000	0.019631924
36000000	0.019631721
36500000	0.019631523
37000000	0.019631331
37500000	0.019631143
38000000	0.01963096
38500000	0.019630782
39000000	0.019630608
39500000	0.019630438
40000000	0.019630272
40500000	0.01963011
41000000	0.019629952
41500000	0.019629797
42000000	0.019629646
42500000	0.019629498
43000000	0.019629354
43500000	0.019629213
44000000	0.019629074
44500000	0.019628939
45000000	0.019628807
45500000	0.019628677
46000000	0.01962855
46500000	0.019628425
47000000	0.019628304
47500000	0.019628184
48000000	0.019628067
48500000	0.019627952
49000000	0.01962784
49500000	0.019627729
50000000	0.019627621
50500000	0.019627515
51000000	0.01962741
51500000	0.019627308
52000000	0.019627207
52500000	0.019627109
53000000	0.019627012
53500000	0.019626916
54000000	0.019626823
54500000	0.019626731
55000000	0.019626641
55500000	0.019626552
56000000	0.019626465
56500000	0.019626379
57000000	0.019626295
57500000	0.019626212
58000000	0.01962613
58500000	0.01962605
59000000	0.019625971
59500000	0.019625893
60000000	0.019625816
60500000	0.019625741
61000000	0.019625667
61500000	0.019625594
62000000	0.019625522
62500000	0.019625451
63000000	0.019625382
63500000	0.019625313
64000000	0.019625245
64500000	0.019625179
65000000	0.019625113
65500000	0.019625048
66000000	0.019624984
66500000	0.019624922
67000000	0.01962486
67500000	0.019624798
68000000	0.019624738
68500000	0.019624679
69000000	0.01962462
69500000	0.019624562
70000000	0.019624505
70500000	0.019624449
71000000	0.019624394
71500000	0.019624339
72000000	0.019624285
72500000	0.019624231
73000000	0.019624179
73500000	0.019624127
74000000	0.019624075
74500000	0.019624025
75000000	0.019623975
75500000	0.019623925
76000000	0.019623877
76500000	0.019623829
77000000	0.019623781
77500000	0.019623734
78000000	0.019623688
78500000	0.019623642
79000000	0.019623596
79500000	0.019623552
80000000	0.019623508
80500000	0.019623464
81000000	0.019623421
81500000	0.019623378
82000000	0.019623336
82500000	0.019623294
83000000	0.019623253
83500000	0.019623212
84000000	0.019623172
84500000	0.019623132
85000000	0.019623093
85500000	0.019623054
86000000	0.019623015
86500000	0.019622977
87000000	0.019622939
87500000	0.019622902
88000000	0.019622865
88500000	0.019622829
89000000	0.019622793
89500000	0.019622757
90000000	0.019622722
90500000	0.019622687
91000000	0.019622652
91500000	0.019622618
92000000	0.019622584
92500000	0.01962255
93000000	0.019622517
93500000	0.019622484
94000000	0.019622452
94500000	0.01962242
95000000	0.019622388
95500000	0.019622356
96000000	0.019622325
96500000	0.019622294
97000000	0.019622263
97500000	0.019622233
98000000	0.019622203
98500000	0.019622173
99000000	0.019622144
99500000	0.019622115
100000000	0.019622086
